3366321051624
3660603000226
8711200548002
3366321052300
3660603000233
8076809513753
3155250364734
3366321052300
8711200607303
3366321052324
3366321051945
7622400013935
3366321051549
3366321051969
3155250364772
3155250358788
3660603000196
3178050000350
3256224658931
3660603003036
3660603000172
3366321051976
3366321052201
8712100876868
3155250364826
3168930003939
3155250364789
3250546606267
3292070000029
3366321065003
3366321051525
8712100517341
8711200547982
3366321051396
20239220
3366321051563
8711200607860
3366321051501
8712100876622
3560070503445
8718114734484
3051106614254
3660603000202
3366321051952
3564707091541
8711200541119
3366320910502
7613035302181
8712100875519
8712566145003
3250541918013
8712100861543
3660603003609
3258561490069
3660603003715
3250541920139
26008233
3366321051426
8711200552962
3564700633670
3168930006343
3660603000158
3046920007009
3178050000374
3155250359259
3061990139795
3046920007672
3250390625391
3660603000240
3564700498293
3660603000134
8712566278077
3660603002961
8712100408519
8712566153701
8718114733982
8712100728099
3366321051303
3366321051556
3168930003946
3366321053864
3178050027760
20205607
8711200548057
3177350083018
3366321052409
3660603000295
3451790563256
8722700170518
3036813999184
3023430535505
8712100876745
3560070454983
3256224193005
3270190025641
20432775
3155250364819
5412038129083
3011360030481
3250390006695
3263850373619
3660603000219
3596710147649
8711200540860
8410066122592
3366321052317
3155250364758
3245411386702
20197070
3175681845060
3265475012003
8712100514036
3560070956913
3564700633663
20615284
3366321051860
8712100530234
8712100878329
8410076470553
3366321051648
3222473665679
3564700473320
4003247102304
3250541918006
5410056181243
3596710080793
3254560016873
26001500
3051106618504
5414972107325
5410803010093
3596710334049
3222472481720
3292070000036
8722700069546
20092733
3175910001151
3366320535606
3265479728009
3011360030504
3256225052615
3265475361002
3350031876721
3596710346783
8712566350698
8712100890260
3564700219904
3366321051570
8712100876806
3366321052096
3276650102211
3660603000141
3292070000364
3222473166091
3017627454809
3250391243341
3256221135848
3660603003371
3564700014547
3250390006688
3046920007085
8711200556106
3596710307005
3011360030474
3265479764007
3263850373794
3222473310630
3256225164363
3270190190660
8711200607723
5410056181106
3560070496891
3660603090029
3660603002947
8001060019959
3256222254326
3596710378838
5410803300590
3560070497195
5410803560451
3256222254234
3270190020080
8722700234159
3700342342017
8480017103901
3168930003953
4003247101581
8711200540990
8711200541171
8711200541232
3155250359396
3366321053871
3366321053956
3046920007023
8480000208606
3396410005665
5411421010137
3366321053925
3011360030450
3250390009313
3263850373510
3257982272308
3265479231004
3560070957033
5400101260740
5410056197749
8712100343247
3254560015982
3265479765004
3222471057568
3760020505554
3265472387005
3596710288755
3168930006305
8712100877445
3564700573631
42023623
8712100876592
8718114846927
8001665701419
8712566083381
3155250356654
3250391142347
3257984410821
3250390109389
3265479769002
5412465447170
3013160000626
3660603090074
5410803950818
3560070918621
0068100084245
3366321050849
3222473665655
8712100772894
3256224234630
3245412414909
8413800012500
3350031531903
3564700568941
26034683
3033610043218
8715700422879
3596710353637
3155250365915
42074700
3560070505753
20096571
3560070497911
3245390117076
3067163620084
8712100876943
7613032460488
3265472080005
3250390778851
4000349222244
3366321051877
5400247031440
5410056181168
27043721
3700311810790
3265472083006
26019161
3560070396511
3265479743002
3265479766001
8712100723797
5414972109442
3350031458187
3560070808236
3564700626870
6130234002168
3250390370062
3245412822506
3564700569061
3276650124534
8712100844812
3366321051921
8009320025436
3760181140175
8722700479123
3177350073217
3250392117382
0021000026326
3660603003685
3258561140735
3564700786321
3265472325007
5410803951310
3660603090036
3256222254333
3263850375910
3250391749232
3222474644925
3596710241880
8410843005810
4039400221629
3366321051181
20085551
3256224193012
3292070005628
3350030167738
3177350083537
3564700473344
3257980030573
3256221430318
5601165003667
3168930006893
3284230005937
3177350073538
5410056181120
5410426008606
8712100828270
3700342355123
22008275
5410003001266
8712100358135
8722700616948
7617300713351
3700342354997
3700342355017
3395321075170
3067163614632
3033610042075
3560070603824
3067163620411
3113010128750
3560070855988
3033610045670
5410056161917
0070200581159
8718421156306
25040371
3263855573311
3067163621678
5410056181076
0027400265051
0051500255162
5000232828750
9300633919061
26008349
5410056197107
5011037611195
8003340090269
8003340042503
26049687
3250391751976
20637378
3222475849091
3113010122192
20013585
8714100671832
8712100524059
20099930
3330140800022
3336590020751
3265472079009
0859660004183
5900300514502
0041335001768
4316268443777
3263859339012
3046920007955
3046920007504
7610400010429
5740900815407
3177350030135
3250391600588
8712566440382
6132004000022
8712100714443
3250391412242
3256225052981
3560070616589
3263859339715
4008164002850
5410803700109
8718114724485
8710448587200
3660603004361
3250392254704
3660603003722
5410803555037
3265479233008
3302957005044
3265479075004
3263850373411
3660603003555
3596710371990
3254560015968
8722700462491
3250546721052
3250390009528
3258561140261
3257984410715
3256221430240
3760020500603
3560070395835
3560070328222
3257984410739
3222472652939
3250392392659
3270190110606
3263850373312
3250390370079
3250391043842
3596710345274
3344290390159
3263859339517
8410066119868
8006380232583
8059070741537
8002382101353
4388840014071
8712100414572
8710908894183
40004235
3183811008674
3564709036175
3245390031228
3180050770003
8710472001741
3498940010307
8712100781490
7613269423911
5414972107332
5400113005858
3250391698974
3250391390267
5412465994940
5410803520271
3257984410845
3265472326004
3760014294693
7616600380508
3350033357273
3596710426959
3276650102266
3257984441054
3560070918652
3222474151935
3560071054533
20382001
3335122413344
8001060022430
3265475016001
4006040000464
3366321051655
3366321051853
3366321051518
20111403
3256220660891
3257980670847
3292070004096
3263856481714
3760252550506
3760227151110
8712100772955
3245394015682
3178050028170
5013668418198
4003247101598
50295401
6840036409
8711200553044
7611654304227
7610405067244
7615200011058
7611100100359
7610100034428
7613312022238
7617400038293
7616500646155
7610200398307
7613312096314
7610400075718
7610286000293
4683875101070
0012005000527
0023254116211
8850367991822
8850367991914
8714100601167
3270160200733
5410803809017
0023627590150
0725439108980
0026700156793
0072036590497
0027400102882
0011115871386
0073296284126
0011110870681
3451080000119
0026700156816
0796451192462
0796451192417
0026700156809
0011213516561
0040600327800
0711381324639
2000000000839
3518370900167
0041331038898
0041331038881
5412465447132
3700509800688
0071475010894
0031215209728
0041497156405
0075450048292
0041190000944
0011213173207
0078742372440
0011110846242
8410422000670
8410422111086
2018514799998
8480000340139
0851492002153
0041570094181
0438980076041
0041318220940
0041318220957
0041570050392
0070690271165
0041570110461
0041570052341
0030034105082
0076958621314
0099482453305
0078742096797
0896700001641
0896700001627
0041570053317
0041570052334
0041570055373
0064777813744
0064777813751
0041570110225
0064777813492
0708820953086
0049022887206
4002724000997
3250392152086
0853872004429
0711381320907
5410056190481
0851927004639
3033610036463
3033610044406
0870001000954
0070200520554
0071840200387
0037466053837
0409981666043
0009542016166
0009542017095
0009542018931
3178050000084
3170780005032
0033776011949
00328920
5600302800213
3183811008681
3700858201167
3660603090012
3288370000074
0072036714817
3258561140223
4000349239822
0619360090639
0073675029447
0079621003103
0712926051317
0011150539524
0898300001380
7613269444725
0079621003097
0073214009527
0631723523905
0711381317525
8722700247975
7610286000279
7610286000316
7610286000286
5412465447071
0300450839183
5000118075759
5051413679586
3366321052027
3564700716151
3451790563379
3596710429288
3170780003502
7640166790976
6130234000645
3366321053116
7617027582421
7617027582445
3596710353620
4251097400136
0896887002202
0018894004639
0799632972143
3366321432348
8714100748053
0693239990060
3265475188005
0070450848910
0041498213510
3564700083642
3250391773688
3067162167313
3067163624792
3033610049258
3067162278309
3113010140301
3067164586174
3161451024667
3067163631950
3113010126459
3113010129337
3113010140318
3113010127807
3033610039129
3263858494712
3436590083364
3250391764877
3358720007166
3113010128378
3113010127791
3067163619422
3263853132046
3350030177515
3382561237604
3222473288311
3257980085788
3257980085764
3257982161565
3067163624518
3067163631325
3382561217637
3245412512179
3410840015251
26013138
3550863505190
3067163619408
3104544019669
3257985592038
3104544070424
3113010140325
3700141403384
3067163619415
3067163632575
3113010141131
3113010140998
3067163614601
3579260205007
3113010139985
3263858314713
3460939735348
3350030201029
3113010140981
3113010133945
3113010139800
3113010135345
3113010141117
3560070506781
3432450005910
3033610039327
3033610036890
3113010125865
3033610037941
3250391095605
3033610049678
3222473166183
3033610044918
3033610044185
3033610046387
3560070605767
3033610045571
3033610039631
3067163620008
3067163634081
3113010141094
3113010141155
3113010141452
3113010141063
3113010135420
3113010141230
3113010135024
3104544070394
3256223354704
96092514
0047900507307
0047900501176
0047900501091
0047900501183
0047900501121
0041570053386
0041570350461
0041570052297
0869759000149
3250391547968
3308090003053
5410426125914
5412465994865
0027271121340
0027271121326
0027271121333
0860520000122
5051413679975
0748948141095
5032722315358
5425031090427
3350033356658
5412465994926
0890437000908
0890437000762
0021559102359
0041250046233
0041250561057
0099482446710
8722700187349
0856014002024
0852996005107
0011213027395
0011110851727
0034500151009
0033776013004
0021130048151
0021130048168
0780961820038
0881735100377
0031820090117
0041335000549
4032300001681
0033776111489
0848810000205
0011110870728
0033776011895
3660603004774
3660603004927
7617027762793
7613356126220
8006380215791
3075711454005
0845777010865
0028400078436
3168930007371
0071475740012
0020662000361
0020662000378
0071840049344
0686384006038
0686384006014
0045200071603
0034683349552
0042421160284
0846548042726
0023254313511
0039059000082
0039059122258
0039059000167
0009542019853
0071475010825
0048001534735
0048001534742
0048001534711
0048001534636
0085239195086
0898111002149
0047200152610
0047200152689
0859033004383
0071840121019
0663209113454
7617027762854
0041335332176
0041335000174
0078907990250
31205030072
0087076341558
0087076211554
0078742096773
0075450152593
0851889006733
0688267160028
0859660004237
0850551005128
0711381325506
0722648711086
0011215207771
0009542026516
2000000003644
0781347710899
0855249005169
0070450248918
0010300248941
0730076123470
0011110024770
0070200540293
0041335001256
0070200500211
0041190044719
0071840050807
8436000628029
0711381322536
0829364101174
0820581499808
5051379009380
0851492002146
0038101003156
0011110851123
0011110851109
0850551005074
0674942021609
5414972116570
5414972116563
5000295008069
0609207618317
8410066122745
0010300863649
0075450201451
0043182001014
0848737002634
0011110877642
0078742058580
3254565411758
0070990012079
0027400264993
0027400328220
0027300902001
0041303024904
9414342590111
0088227005008
0011213022482
5000157076656
0011110697394
0041321005695
0492120800040
0492120801818
0020662001993
0041190044696
0041335353812
0041335000792
0071840200349
0011110696205
26168043
0051500240946
0071840042819
0071840092029
0041335353683
0711381314050
5601002094575
5601165003124
0051500239131
6921804700269
0041500941462
0041500762524
0074880004014
7617300725194
20382940
3254560077140
3257981936164
3178050027296
0037600379885
0037600049535
5000373704289
0084872202557
0084872201727
0084872201772
0715483004239
0037466030777
0037466062167
0009542015831
0898596001422
0043400328220
0072043003799
8712100877506
0049022873414
0078684737758
0829364100023
0829364100337
0850551005142
0852369005093
0790874373941
0815441010972
0041335444497
0070200500259
0492120804499
0071840042536
0041335332190
0041335332916
0799475887727
0011110886453
0725439107006
0021130293025
0021130292998
0041268199440
0092825109235
0011150189965
0036800416901
0035826095794
0753519456690
3265472459009
0073042105514
0036202020980
0741360608948
0741360608474
0021140019493
0071725713315
0041318220971
20937034
0022506201095
5410093145871
0898596001682
0037466047041
0037466062174
0031290094080
0078742226224
0075669176403
0076397030388
0733636001300
5000442007594
0733636001409
0716270001882
27008157
0711526123455
0002859038746
0711381323625
0041335000297
0766897092350
3265479063001
8410525184833
0688267160004
0855332005168
0046567026084
0077890368893
0688267141683
9104201471001
0038252370398
8712100511387
6001087316415
3760044395858
3033610039457
3113010131088
3113010136434
26067551
3018251205003
3250391699469
3250391530434
3113010141537
3257980251275
3250391714643
3250392141967
3598960030559
3067162280319
3113010141209
3222473288298
3113010123236
3113010139138
3067162289640
3033610042891
3033610041986
3222476573902
3222476127716
3250391751419
3033610044932
3560070609123
3250390741770
3033610038832
3113010118379
3067163612188
3067163614434
3800224140035
3033610011262
3067163624327
3760044395865
3263858314416
3067163631752
3067163632827
3067163614472
3067163619583
3113010139091
3254568080579
3350030187842
3113010134980
3113010140851
3067163614557
3067163614403
3254568079764
3263851510716
3067163615110
3598960035059
3245413399649
3113010132832
3350033224193
3067163614328
3350030177034
3113010126770
3113010140868
3257981939585
3067163631417
3104544070943
3067163624426
3067163624297
3250390317968
3067162226102
3560070614950
3113010140349
3104544070738
3067162259971
3033610049029
3250391447107
3113010140844
3067163619446
3033610041818
0078742069050
3760085320123
0011110819673
3270190141419
7610818951352
0034500144469
0011213033181
20344443
3596710433186
0857831004031
0405516311877
0693239990039
8718403012088
0011110741295
0021500000666
0015984523278
0069391000228
0008155902910
0069394132131
0891790002158
0877448002954
5016860837354
0026700156779
0815506012613
0071828002118
0858582001751
3554984820910
5410093910073
7617300719568
3104544070141
0026700147043
0008155902903
40309712
21049798
0071818729100
0077449504390
8606107745213
0711381314043
7330122813022
0070031060090
0031961303138
0070100060754
0769394132130
0031215923471
0073366227480
8410066122783
8410066122684
87157857
0612573008361
7611100067638
7611100100281
0738464961697
0712926051300
0035826077806
0041268178643
0733147110928
0049568420127
0078264040124
0819547010157
0728293101036
0071828002255
0072992053203
0070690288743
0036800418486
0041303015063
0011822585170
0011822584753
0030034105099
0787359177026
0027400130113
0011110871992
0041616201610
0711381314371
0031215201173
0717322915157
0725439949583
3445020123501
3445020003551
20192013
3760224581217
3478821111026
3505130511114
3700924300084
3263858363414
3505130051177
3439495005929
7611690314082
3760237064004
8711200608911
0041780013439
0041780023056
7318690032090
4002309003900
0033776011031
0033776011604
0033776011055
5414972110493
0747599607257
0863223000000
0863223000017
0009542019969
0009542019372
0009542027933
3265472328008
3265472081002
0033776011307
50300853
0041335000112
0041335000501
0619309000774
0785045987652
5052449658187
0041410300182
0041410307518
0070100059956
0070100059987
0070381101283
0746068012134
0859660004350
0859660004114
0859660004398
0859660004404
0859660004220
0859660004190
0859660004428
0670171881403
0663209113461
4045800773767
3850102125210
7611100067591
4311501453100
3113010139619
3104544070677
3104544018860
5412723232593
3265470001828
0034500144049
0034500140072
0889417000045
0050100503659
0050100503505
5051413049327
0071524015009
0089763470152
3033610043133
3033610045724
3366320536009
3366321053918
3366321053949
3366321052256
3366321053932
3113010126893
3033610039587
3263859339210
3033610038986
3033610045656
3033610046462
3113010139084
3113010135550
3598960039149
3113010140530
3113010130753
3263859339111
3263858363315
3033610011255
0041321006722
8032529643620
7393006000031
0037466053066
0095420116806
0009542029425
0009542016159
0009542011741
0009542025434
0009542023799
0009542009069
8003340091273
7610400074513
7610400087803
0009542011758
0009542017521
0009542018832
0037466015859
0009542019662
0009542021429
0009542019792
0009542014759
0009542023461
0009542011697
0009542019334
0009542011680
0009542007102
0009542015190
0009542019679
0009542013073
0009542026523
0009542021085
0009542019136
0009542016180
0009542016128
0009542015640
0009542016029
0009542019297
0009542017606
0009542011703
0009542015916
0009542015978
0009542025885
0009542017644
0009542023782
0009542029449
0009542016067
0009542022617
0009542019358
0009542011710
0009542016197
0009542021702
0009542015824
0009542026288
0009542020200
4902110318975
5412723120173
0026700157394
0033776011208
0027815091306
0041190456284
0739126000013
3178050021171
5410093135384
20378318
6194005446155
7610827336782
2000000064035
2000000063342
2000000063341
2000000063343
7613032493882
8600005000177
8718114872810
4104420055421
0050100517250
7896331100310
0078742098999
84138088
8480017555762
7610200398284
0051933196902
0072036590244
0073296278002
0028100419829
0041380550044
0034500140003
0041303024881
0011110870711
0079836831010
0015700450505
0015700450604
3250390778776
8711521036134
3396410005672
8714100671894
7615200109403
3222473166107
3266191011110
4006040217015
3085749340966
3254560017368
3366321052355
8711200607815
3155251205302
3155251205296
0041250948797
0034500140089
0076991008042
0076991004044
0730076221008
8713056137768
3596710411726
20406370
0036406377019
0829364101181
0829364111197
0829364100344
3596710444656
8712566219759
5400247054388
3450970090766
0857234000012
0072992540321
0072992053371
3413910005015
0851168003088
0021000026876
0011110019882
0049022865204
5410803510401
0041497111374
3265475230001
3265475228008
5410920002339
5410056195349
5410056182578
3350031876745
3560070609857
0048001213784
0048001213760
8422584000511
3410280010441
3439497009291
0036800280878
0079836487996
0850551005166
0035826087935
0011110019141
8718403012125
5410641600586
3256225052622
3700238399149
3564700889732
3439495120318
3596710457144
3250392392635
3564700889619
5410093022059
0085239809068
0085239089071
2000000010867
3660603004118
5410803555013
3396410025663
5410056181151
3490950124128
5410803390003
3554983003079
3760133671559
4006824006767
29008803
3596710219377
3439495107081
3660603004811
2000000032527
3760050750016
3275920125479
3564700889695
8715700421957
3250392110369
3660603004750
3265475117005
7617027071567
3760128280667
3439495107234
0688267164880
8718403012101
8480017512482
3257984410708
3291960014238
3302957005051
5414972104287
3700856501139
3263850373817
5400601050452
5400101046825
5400210351735
5400141210415
3564700633656
3758200548033
8722700114185
3250546666247
5450068095046
5450068095053
3257984770321
3560070957217
3350031937316
3011360037459
3291960009241
3036813051417
0048001265042
3278122092501
5400247062604
3250390632245
3250390632238
3250392422998
3263850425417
7616600380263
3560070937059
20103057
9369586384173
3560070328192
3560070322596
3222470004990
3257984410722
3256221430226
26033617
3222471000328
3263850561313
3450970007009
8480017698551
3560070956975
3222474628635
3256221430332
8718403012064
0070005313122
06827715
0045400310120
9310047213808
20458898
0064684780528
0855762005301
0037466053240
0009542019860
0009542019273
0009542015848
0009542015855
0009542007676
3263853197618
3270190150640
3237550023143
3564700845189
3256224068488
3564700845172
3256220081870
3263853198516
3250391113385
3263850582011
0853594006152
0041497132348
0019646001326
0857554005315
3018251430009
0753677599642
0853195006124
3350240261257
7617400010213
7617400010022
8712857971823
3517360013313
3517360004519
0033776011772
0070247170231
0078742106717
0070247170118
7610849515455
7613331808110
2600140037591
5400141271249
7610200010544
3502490019335
3325350802713
0041318060171
0021600103878
0036800140257
0036800140264
0041318060164
0713733142816
0011150145664
6001250289508
0611190642026
0070253730290
070253730293
8031827000067
0070450044619
0070450032609
0070450032104
0070450032302
0010300047018
8019493500029
3366321053109
3560070246151
4250665320128
8710472010767
2366377053109
3366321051228
3366321053086
3366321051990
3366321053079
3366321053055
3366321052003
3366321053024
3366321053017
8712566373802
3040400330267
0011246232551
0011246232544
0614156061893
0733636001201
20241735
0085239558010
0856014002079
0070200550087
0837246002532
0837246002334
0837246002327
0033776011758
0856014002031
0856014002062
1601400204
0036232018018
0085239120125
0742365416200
0099482436568
0033776011628
0033776011710
0040600034166
0041498135003
0027400103209
8414564250023
0071725728814
8712100445828
3473710080032
0083724410010
0073007106723
0037644332068
8423397141545
3051106604255
9300650662414
0051500720011
0751011046913
05985852
0073296000221
8710411045263
9300650664111
0070690246705
0070690195003
0078742112688
0078742048765
0690166106007
0092825093541
0041735083227
0070450144418
0070450144913
0078742006536
0749404301992
0749404608053
7411000201343
0045200084702
0009542013042
0009542011734
722070
20797676
0041224469082
7611654246152
0072036760258
0076808536997
0073007109144
0049568730127
4002359002939
3350031666421
8013367029401
4300175150989
4009418101527
0031215204099
8410564008619
8410564008602
8437010563362
3344290300158
3276650126088
3276650126019
3596710433988
3760181140182
3760181140212
3460340300326
3660603003814
0036846481345
0283944006547
0283944005595
0021002020100
3366321052348
0033776011864
5420008598623
0036800750388
0041130301926
0039059121862
0010300141518
3155251205319
3155251204343
3177350083513
3155251204350
8714100292112
8714100664520
0071725750549
0011115395158
0011115621240
3760052690440
0011110870759
0688267159978
0688267159275
0030034099763
0688267159268
0084686000073
5010219200004
0842918001362
0033776017712
4260213390268
8002996960131
3474930107080
7610818191802
7610807066128
7610807129823
8712100685972
8712100541254
8712566495276
4000400002129
8712100449192
8714100725191
0020662000330
0041335000860
8712100592744
0072036985224
0072036010773
0041497111367
0048001024953
0048001025868
0011150046442
0035826087928
0042421160871
0074807354741
0072036010766
0725439116473
0011213013770
0048001265707
0048001265523
0048001213517
0048001213364
0048001437241
0048001354494
0048001213388
0048001265349
0048001265240
0048001353664
0048001354500
0048001437234
0078742065311
0078742065328
0078742283128
0492120800446
0492120800293
0048001440517
0048001440524
0048001139978
0011110019899
0021130477371
0021130477326
0041303005170
0041303005187
0041270952095
0021130474844
0011213172316
8712100771750
0035826087904
0048001139985
0048001265844
0048001213487
8711200576425
0048001265400
0073042455701
0015984610251
0862554000000
0041331034029
0041331034012
0011150539500
0039156000480
3560070884643
5410488921264
0021130293049
0011110784995
0064777813041
0041498212605
0787359177071
0711381314029
0018959753007
3144550005140
3700169160122
3257630001113
3183810004752
3660088137844
3288370000067
3162900032592
0038200023123
7610011711807
0028400078412
0023254313016
0023254313115
0073296400830
7617300502009
3760060580016
3760013724757
3366321051594
7615200010082
7615200010198
0678972112160
0730076123456
0070200850132
3333680001102
3498940010673
3498940011106
5400247045584
3596710418435
0859302004014
8436033825266
0203518002379
0883967289387
0038445620811
5414972101446
0041410307259
8718114728940
7610200398291
9300652012255
0851527003018
5410920900864
5400141113266
3760197944088
5410803520011
20382018
3700141403421
5420058007397
5413171668200
3302957003019
3456300005691
3439495109412
3250391749201
3302957003026
5414972115832
3222474644918
5410803520158
3439495107104
5410920900871
5425031090274
3265479768005
5410803520110
3700141400246
3183811009893
3265472076008
5412465666175
3335122413337
5410803560093
5410803800465
3700238338087
5410803390034
3439495107111
5410803510111
3102870017441
8481652095675
3257984410838
5412541042558
20382025
3302957003040
5410803300057
3660603004828
3700604200062
5420058007090
5410426115212
4008164722642
3564700993958
20125530
3564700582572
3302950102047
5410056197664
3560071018849
3302950102023
3596710404599
5410093026798
5410056161900
5410803300804
5420058007649
3276650102198
5425021580259
5410803300941
3770003943549
3660603004736
3700141400239
5420058007199
3302950102030
3700238323908
3439495109436
3596710448593
20679668
7610011001816
0034500159098
0041234011301
0011110714954
0041234011356
0071828000763
0071828011141
0613196051376
0626394171036
4710964160127
0070450045913
0829364418845
0078742352985
0011225416507
0688267155024
0850551005111
0850551005425
0787359179648
0036800172159
0015900060009
0070253625213
0070253625220
0033776011352
0033776011000
0033776017767
0041497090525
0010300333746
0883967289448
0032251075902
0087076211394
0078502172471
0733147110911
0075450152579
0011150046411
0041318200027
9300601007851
0727968300323
0727968300309
8801024942268
8410843003717
8429874550022
8411959000454
7896004400020
0039059000884
0028100301162
0041497090273
0041497090631
0011213517186
0041250040538
0041250948773
0041497090662
29008186
0850186005081
0033776011673
0033776011789
0790874373972
0850551005050
0041224701687
0041543710476
0010300942153
3700392440046
0040600042925
0075130858425
0015400003841
0632210016917
0719283967886
0041318560022
0026700148330
0717544207801
0027400323447
0021000301966
0078742030722
0026700156762
0047200152795
0047200152580
0027400410116
0717544207092
0041190462759
0027400323195
0047200152597
0796451193032
0717544207818
0852996005121
0852996005114
0027400366772
0009542020316
20710958
3760067663842
3067163614311
0041497111404
0741643035416
0041498218904
0072238622248
0859660004411
0786764880903
0041390007248
0011110867100
0765230010297
0071851709817
3366321051617
3366321053000
3366321053031
2366377052331
0011317700644
0074175302092
0074175302184
0797565001954
0009542019396
8003340097619
0781347711049
0035826064943
0021140187369
0688267086861
0041318220346
0030243868372
0015400138741
0026200423883
0026200461878
0028400320504
0028400320849
0896887002219
0028400320597
0852369005017
0802763071965
0071840090124
0811961020156
0072043002839
0072043003836
0070200500396
0737094218362
0011110784902
0790228371517
0072368421278
0091037526687
0028100084256
0026700148354
8410109002157
8480017139467
0853107003098
0655852005095
0787984884047
3263859731519
3760227150298
3292070007400
3292070007370
3392070800046
3248652969857
3439496601335
3760227152117
3292070007387
3596710134045
20841942
5018804900094
3353820009256
0075013250407
0052500051112
0647108000053
0041321013317
0031215277413
5400113028147
5410056190276
5414972100494
3660603004859
0044121003083
3177350010106
3177350032139
0078684737932
0031215903169
0083737201049
3270160881550
0854181005190
0854181005442
0011152064505
0835976005427
0753695110799
0753695110584
0071475000130
0070200596115
0070247123060
0070247177803
0070800410613
0851927004646
0011150539562
0041303014172
0041268199082
0078742022543
0070200500228
0071840041393
0438980073040
0064777813683
0075450222302
0075450222326
5400141073362
0812603020015
0696859201189
0858183005059
0082674038671
0076606280122
20929084
0009542013004
7613312058824
0819898013074
3013160000800
0070200520523
0072036764577
0011110863270
0041190430338
0071800818058
0028100086311
0092825110095
0033776011741
0049568400129
5412939121261
7613312062807
0049568740089
0041190451128
0070990013205
0051933190511
0035826043740
0035826090461
0041190464616
0041190461509
0041497090426
0034500144292
0050700002576
0027400130106
0011213173214
0041270838528
0719283514233
3700856502198
5410093151414
3013160000770
3760124500615
3013160000671
8712566662227
3560070407729
8850367991839
0733636001034
0085582014119
0053136892810
7036110008936
20013639
0076042131118
0070450041991
0070450041915
0010300041948
0078264060122
04157005341
0011150980838
0011152005065
0041303024898
0041380995890
0852258003018
0011822584944
0037466039442
0037466018553
0009542017569
0009542026783
0087586111238
0787692838349
0011213517315
0021130982974
0077017775450
0074680008519
0074680008540
0688267159657
0079621002625
0079621003080
20051402
4710226003056
0894263002013
0079836837012
50157648
0059764031645
3760149995533
4607041133931
4605290003449
2877758900016
4610016071633
4601674009304
4601674009281